Activities_Ext[0]= 1196.65 26.3574
Activities_Ext[1]= 289.887 6.98032
Activities_Ext[2]= 32.1546 0.532405
Activities_Ext[3]= 86.5793 1.43355
Activities_Ext[4]= 29.1787 4.43086
Activities_Ext[5]= 97.9245 16.1458
Activities_Ext[6]= 5.63096 0.707459
Activities_Ext[7]= 1.1721 0.2676
Activities_Ext[8]= 3.22896 0.737196
Activities_Ext[9]= 6.49354 1.28862
Activities_Ext[10]= 126.268 9.82151
Activities_Ext[11]= 18.9228 3.0623
Activities_Ext[12]= 7425.32 237.502
Activities_Ext[13]= 521.73 20.4443
Activities_Ext[14]= 1455.24 57.0243
Activities_Ext[15]= 5.99936 0.226088
Activities_Ext[16]= 11.7429 0.446517
Activities_Ext[17]= 0.864599 0.146714
Activities_Ext[18]= 1.72776 0.107969
Activities_Ext[19]= 221.982 13.5702
Activities_Ext[20]= 2.1843 6.93474
Activities_Ext[21]= 0.00597719 0.000735485
Activities_Ext[22]= 0.00573322 0.000332436
Activities_Rad[0]= 1.12864 0.0367481
Activities_Rad[1]= 0.00357157 0.000387075
Activities_Rad[2]= 0.00880995 0.00035913
Activities_Rad[3]= 0.0102064 0.000339711
Activities_Rad[4]= 0.180031 0.00586173
Activities_Rad[5]= 0.00279892 0.00033884
Activities_Rad[6]= 0.00140528 5.72851e-05
Activities_Rad[7]= 0.00162803 5.41876e-05
Activities_Rad[8]= 10.2108 0.00943173
Activities_Rad[9]= 0.69719 0.00399826
Activities_Rad[10]= 0.679093 0.00295124
Activities_Rad[11]= 6.551 0.0212013
Activities_Rad[12]= 44.582 1.87868
Activities_Rad[13]= 0.641619 0.0458168
Activities_Rad[14]= 0.102345 0.00730827
Activities_Rad[15]= 599.213 9.20969
Activities_Rad[16]= 8.02881 1.18443
Activities_Int[0]= 0.000712554 2.44769e-05
Activities_Int[1]= 0.000789421 2.93586e-05
Activities_Int[2]= 0.00163457 0.000135801
Activities_Int[3]= 0.000246306 7.52955e-06
Activities_Int[4]= 0.000189425 7.09923e-06
Activities_Int[5]= 0.0153314 4.43056e-05
Activities_Int[6]= 0.00435809 3.30999e-05
Activities_Int[7]= 0.0332438 8.71381e-05
Activities_Int[8]= 0.0328035 7.75999e-05
Activities_Sig[0]= 0.00142884 2.04656e-05
AdjustActs[0]= 2.92702 0.100546
AdjustActs[1]= 1.52251 0.0566221
AdjustActs[2]= 1.08317 0.089991
AdjustActs[3]= 6.26917 0.163372
AdjustActs[4]= 0.930872 0.0303088
AdjustActs[5]= 0.936855 0.0381901
AdjustActs[6]= 1.08536 0.0361251
AdjustActs[7]= 1.02045 0.110593
AdjustActs[8]= 0.965145 0.116841
AdjustActs[9]= 0.919793 0.028118
AdjustActs[10]= 1.07451 0.0402702
AdjustActs[11]= 1.11006 0.0244503
AdjustActs[12]= 0.979245 0.161458
AdjustActs[13]= 0.790429 0.0297876
AdjustActs[14]= 0.937181 0.0356358
AdjustActs[15]= 0.622014 0.105549
AdjustActs[16]= 0.894714 0.0215442
AdjustActs[17]= 1.00888 0.0322693
AdjustActs[18]= 0.618787 0.0777428
AdjustActs[19]= 0.260195 0.01858
AdjustActs[20]= 1.05775 0.0162572
AdjustActs[21]= 1.19091 0.0197187
AdjustActs[22]= 1.07795 0.0422402
AdjustActs[23]= 0.378098 0.0863227
AdjustActs[24]= 0.708633 0.104539
AdjustActs[25]= 1.99854 0.303484
AdjustActs[26]= 1.06626 0.211596
AdjustActs[27]= 2.65268 0.206334
AdjustActs[28]= 1.02841 0.166429
AdjustActs[29]= 1.39354 0.0587239
AdjustActs[30]= 1.00015 0.000923847
AdjustActs[31]= 0.7199 0.044987
AdjustActs[32]= 2.21982 0.135702
AdjustActs[33]= 0.0436859 0.138695
AdjustActs[34]= 0.00597719 0.000735485
AdjustActs[35]= 0.00573322 0.000332436
AdjustActs[36]= 4.35744 0.0249891
AdjustActs[37]= 4.24433 0.0184452
AdjustActs[38]= 40.9438 0.132508
AdjustActs[39]= 1.22233 0.00353235
AdjustActs[40]= 1.26058 0.0095742
AdjustActs[41]= 1.29584 0.00339662
AdjustActs[42]= 0.902779 0.00213561
AdjustActs[43]= 0.912019 0.0130631
