Activities_Ext[0]= 1184.36 30.429
Activities_Ext[1]= 288.839 7.65218
Activities_Ext[2]= 32.2934 0.583697
Activities_Ext[3]= 86.953 1.57166
Activities_Ext[4]= 30.4332 5.71953
Activities_Ext[5]= 107.354 18.9217
Activities_Ext[6]= 5.48317 1.28126
Activities_Ext[7]= 1.1588 0.372319
Activities_Ext[8]= 3.19231 1.02568
Activities_Ext[9]= 7.49233 2.02908
Activities_Ext[10]= 119.092 10.7802
Activities_Ext[11]= 18.8091 3.83084
Activities_Ext[12]= 7406.16 260.592
Activities_Ext[13]= 521.052 22.7899
Activities_Ext[14]= 1453.35 63.5667
Activities_Ext[15]= 6.0235 0.28485
Activities_Ext[16]= 11.7633 0.537416
Activities_Ext[17]= 0.892255 0.167015
Activities_Ext[18]= 1.77363 0.125374
Activities_Ext[19]= 233.547 15.7152
Activities_Ext[20]= 3.47725 7.38372
Activities_Ext[21]= 0.00597997 0.00075292
Activities_Ext[22]= 0.00571608 0.000367247
Activities_Rad[0]= 1.14275 0.0419749
Activities_Rad[1]= 0.00357728 0.00039597
Activities_Rad[2]= 0.00872802 0.000504097
Activities_Rad[3]= 0.0101583 0.00043465
Activities_Rad[4]= 0.181168 0.00665456
Activities_Rad[5]= 0.002782 0.000395483
Activities_Rad[6]= 0.00138371 7.99178e-05
Activities_Rad[7]= 0.00161046 6.89079e-05
Activities_Rad[8]= 10.2108 0.0102079
Activities_Rad[9]= 0.699903 0.00447986
Activities_Rad[10]= 0.676869 0.00342636
Activities_Rad[11]= 6.55159 0.0216654
Activities_Rad[12]= 43.61 2.12372
Activities_Rad[13]= 0.687937 0.0597785
Activities_Rad[14]= 0.109063 0.00947708
Activities_Rad[15]= 592.516 10.7411
Activities_Rad[16]= 7.08361 1.09882
Activities_Int[0]= 0.000717438 3.6086e-05
Activities_Int[1]= 0.000786713 3.51699e-05
Activities_Int[2]= 0.00164796 0.000174258
Activities_Int[3]= 0.000247417 1.05246e-05
Activities_Int[4]= 0.00018941 9.65608e-06
Activities_Int[5]= 0.0152346 5.33173e-05
Activities_Int[6]= 0.00432624 3.97696e-05
Activities_Int[7]= 0.0331983 0.000108364
Activities_Int[8]= 0.0328127 9.03667e-05
Activities_Sig[0]= 0.00149379 2.06654e-05
Activities_Sig[1]= 6.05064e-07 0
AdjustActs[0]= 2.94709 0.148234
AdjustActs[1]= 1.51729 0.06783
AdjustActs[2]= 1.09205 0.115475
AdjustActs[3]= 6.30769 0.171331
AdjustActs[4]= 0.936755 0.0344083
AdjustActs[5]= 0.922474 0.0532785
AdjustActs[6]= 1.07364 0.0459386
AdjustActs[7]= 1.02208 0.113134
AdjustActs[8]= 0.959312 0.136373
AdjustActs[9]= 0.923942 0.0393026
AdjustActs[10]= 1.07442 0.0547739
AdjustActs[11]= 1.09866 0.0282273
AdjustActs[12]= 1.07354 0.189217
AdjustActs[13]= 0.79361 0.0375297
AdjustActs[14]= 0.938807 0.0428903
AdjustActs[15]= 0.64191 0.120155
AdjustActs[16]= 0.891478 0.0236178
AdjustActs[17]= 1.00627 0.0354066
AdjustActs[18]= 0.602546 0.140797
AdjustActs[19]= 0.277275 0.0240939
AdjustActs[20]= 1.04592 0.0189605
AdjustActs[21]= 1.19605 0.0216184
AdjustActs[22]= 1.07655 0.0470865
AdjustActs[23]= 0.373807 0.120103
AdjustActs[24]= 0.625209 0.0969833
AdjustActs[25]= 2.08447 0.391749
AdjustActs[26]= 1.23027 0.333183
AdjustActs[27]= 2.50193 0.226475
AdjustActs[28]= 1.02223 0.208198
AdjustActs[29]= 1.36316 0.0663833
AdjustActs[30]= 1.00016 0.000999874
AdjustActs[31]= 0.739011 0.052239
AdjustActs[32]= 2.33547 0.157152
AdjustActs[33]= 0.069545 0.147674
AdjustActs[34]= 0.00597997 0.00075292
AdjustActs[35]= 0.00571608 0.000367247
AdjustActs[36]= 4.37439 0.0279991
AdjustActs[37]= 4.23043 0.0214147
AdjustActs[38]= 40.9474 0.135408
AdjustActs[39]= 1.21461 0.00425083
AdjustActs[40]= 1.25137 0.0115034
AdjustActs[41]= 1.29406 0.00422402
AdjustActs[42]= 0.903031 0.00248696
AdjustActs[43]= 0.953475 0.0131906
